1000 199 184
2000 189 206
3000 193 191
4000 221 204
5000 214 201
6000 205 215
7000 195 186
8000 219 179
9000 208 172
10000 240 194
11000 226 202
12000 213 199
13000 228 193
14000 211 183
15000 216 192
16000 216 206
17000 210 171
18000 252 183
19000 231 185
20000 222 193
21000 218 202
22000 219 199
23000 223 194
24000 239 184
25000 207 216
26000 215 231
27000 214 220
28000 221 185
29000 211 202
30000 229 201
31000 225 204
32000 204 172
33000 220 204
34000 204 205
35000 227 196
36000 226 220
37000 216 216
38000 193 225
39000 231 211
40000 221 208
41000 228 209
42000 237 190
43000 206 188
44000 235 191
45000 231 188
46000 217 200
47000 218 216
48000 220 178
49000 209 188
50000 232 186
51000 222 225
52000 209 200
53000 222 207
54000 223 203
55000 235 198
56000 244 223
57000 217 207
58000 223 209
59000 226 171
60000 221 195
61000 207 217
62000 208 206
63000 240 180
64000 231 189
65000 223 189
66000 224 207
67000 202 179
68000 213 215
69000 227 196
70000 241 194
71000 226 205
72000 217 211
73000 251 180
74000 238 196
75000 220 211
76000 239 195
77000 225 204
78000 216 195
79000 226 200
80000 240 197
81000 231 205
82000 209 219
83000 234 182
84000 210 194
85000 240 192
86000 241 206
87000 221 200
88000 255 193
89000 288 171
90000 252 189
91000 225 216
92000 248 206
93000 237 190
94000 240 204
95000 250 193
96000 232 214
97000 253 182
98000 207 191
99000 234 202
100000 256 218
101000 260 202
102000 254 210
103000 250 197
104000 259 210
105000 256 218
106000 239 210
107000 232 179
108000 258 189
109000 245 193
110000 270 178
111000 267 194
112000 254 197
113000 252 194
114000 263 191
115000 270 178
116000 263 189
117000 255 193
118000 255 197
119000 267 194
120000 242 196
121000 249 193
122000 266 195
123000 251 216
124000 307 174
125000 255 211
126000 250 214
127000 284 211
128000 265 218
129000 249 204
130000 244 219
131000 258 211
132000 260 205
133000 278 202
134000 259 209
135000 264 166
136000 266 204
137000 248 206
138000 270 173
139000 264 183
140000 260 213
141000 282 217
142000 289 206
143000 245 212
144000 267 209
145000 245 190
146000 260 203
147000 258 212
148000 293 168
149000 277 197
150000 256 193
151000 260 181
152000 270 183
153000 320 182
154000 242 193
155000 283 210
156000 261 201
157000 257 196
158000 277 201
159000 289 188
160000 282 169
161000 266 204
162000 265 210
163000 266 197
164000 261 202
165000 277 181
166000 263 226
167000 270 203
168000 269 183
169000 272 205
170000 290 194
171000 246 239
172000 292 209
173000 265 203
174000 263 194
175000 262 175
176000 279 200
177000 243 194
178000 280 191
179000 271 211
180000 252 183
181000 256 187
182000 280 182
183000 258 195
184000 293 181
185000 257 206
186000 283 204
187000 282 201
188000 272 193
189000 275 187
190000 288 204
191000 305 194
192000 282 187
193000 266 201
194000 259 208
195000 276 194
196000 279 195
197000 254 185
198000 242 219
199000 285 191
200000 281 196
201000 282 186
202000 301 180
203000 286 189
204000 289 180
205000 262 188
206000 288 183
207000 281 171
208000 271 212
209000 277 194
210000 314 192
211000 290 197
212000 258 211
213000 275 205
214000 256 194
215000 323 176
216000 286 192
217000 288 222
218000 278 202
219000 319 185
220000 286 195
221000 267 202
222000 315 175
223000 311 196
224000 298 217
225000 305 189
226000 299 192
227000 301 198
228000 269 193
229000 305 190
230000 274 212
231000 292 191
232000 297 199
233000 281 181
234000 306 190
235000 292 188
236000 295 230
237000 314 187
238000 291 204
239000 286 201
240000 300 193
241000 299 209
242000 276 204
243000 266 180
244000 305 184
245000 293 191
246000 255 198
247000 280 202
248000 270 203
249000 304 203
250000 287 206
251000 313 188
252000 291 193
253000 292 194
254000 292 189
255000 283 170
256000 289 194
257000 301 167
258000 281 196
259000 289 195
260000 293 199
261000 288 219
262000 308 207
263000 306 209
264000 295 190
265000 287 193
266000 304 186
267000 291 195
268000 289 196
269000 314 171
270000 307 179
271000 306 190
272000 295 207
273000 286 183
274000 283 196
275000 299 186
276000 295 192
277000 311 207
278000 286 198
279000 297 192
280000 306 174
281000 297 194
282000 303 169
283000 294 205
284000 295 180
285000 299 188
286000 310 178
287000 294 178
288000 270 183
289000 283 212
290000 268 205
291000 320 171
292000 311 194
293000 277 208
294000 314 204
295000 304 185
296000 302 174
297000 294 169
298000 299 177
299000 291 197
300000 293 197
301000 357 186
302000 332 189
303000 367 194
304000 329 178
305000 329 200
306000 320 189
307000 352 162
308000 348 172
309000 334 190
310000 341 184
311000 346 164
312000 374 183
313000 341 196
314000 351 174
315000 358 179
316000 366 178
317000 340 174
318000 337 198
319000 364 173
320000 327 201
321000 323 179
322000 379 162
323000 342 219
324000 336 181
325000 363 188
326000 333 176
327000 315 186
328000 357 179
329000 324 180
330000 364 189
331000 324 193
332000 325 215
333000 345 175
334000 351 201
335000 351 184
336000 342 196
337000 321 191
338000 362 169
339000 369 180
340000 334 183
341000 350 174
342000 331 188
343000 355 176
344000 362 166
345000 331 205
346000 336 194
347000 316 199
348000 339 195
349000 375 174
350000 347 199
351000 350 172
352000 329 196
353000 352 168
354000 333 180
355000 335 200
356000 366 181
357000 337 181
358000 342 192
359000 336 178
360000 344 196
361000 316 189
362000 351 164
363000 346 201
364000 362 181
365000 339 202
366000 366 197
367000 337 201
368000 358 184
369000 308 225
370000 334 190
371000 329 178
372000 372 188
373000 327 189
374000 392 175
375000 364 193
376000 355 196
377000 357 185
378000 365 179
379000 346 179
380000 330 213
381000 355 193
382000 324 185
383000 373 198
384000 342 173
385000 332 206
386000 342 161
387000 347 198
388000 341 192
389000 334 196
390000 345 191
391000 332 188
392000 365 190
393000 339 208
394000 359 175
395000 330 225
396000 316 179
397000 349 207
398000 349 199
399000 349 181
400000 345 202
401000 409 185
402000 423 201
403000 411 188
404000 384 202
405000 395 205
406000 408 191
407000 385 209
408000 425 186
409000 422 191
410000 432 177
411000 367 198
412000 402 218
413000 435 170
414000 394 192
415000 412 194
416000 417 186
417000 417 170
418000 388 175
419000 422 164
420000 392 185
421000 395 193
422000 415 202
423000 402 194
424000 407 182
425000 379 188
426000 405 194
427000 401 174
428000 387 183
429000 404 176
430000 402 224
431000 378 191
432000 391 203
433000 421 176
434000 415 181
435000 414 186
436000 399 174
437000 382 198
438000 416 174
439000 429 180
440000 404 210
441000 450 180
442000 394 168
443000 399 174
444000 409 180
445000 370 206
446000 374 195
447000 401 185
448000 429 175
449000 400 180
450000 395 169
451000 414 183
452000 386 173
453000 398 172
454000 397 201
455000 400 179
456000 377 194
457000 393 184
458000 428 173
459000 395 192
460000 416 175
461000 389 192
462000 380 198
463000 411 177
464000 402 176
465000 408 174
466000 430 164
467000 387 173
468000 403 174
469000 422 176
470000 420 182
471000 417 173
472000 422 175
473000 419 175
474000 431 184
475000 385 182
476000 397 184
477000 379 211
478000 388 170
479000 392 194
480000 400 185
481000 405 205
482000 385 180
483000 400 196
484000 408 180
485000 385 209
486000 401 176
487000 425 190
488000 415 184
489000 396 176
490000 403 179
491000 423 173
492000 408 178
493000 428 183
494000 424 186
495000 420 158
496000 420 180
497000 385 196
498000 391 201
499000 400 184
500000 431 194
501000 468 171
502000 493 184
503000 469 188
504000 483 153
505000 494 157
506000 495 177
507000 474 147
508000 492 181
509000 483 169
510000 474 177
511000 482 178
512000 500 169
513000 467 175
514000 459 173
515000 495 179
516000 445 185
517000 454 173
518000 479 183
519000 448 199
520000 488 164
521000 477 180
522000 475 190
523000 461 170
524000 486 172
525000 489 164
526000 502 165
527000 476 189
528000 486 203
529000 470 180
530000 472 188
531000 472 205
532000 480 183
533000 463 188
534000 483 184
535000 444 207
536000 484 155
537000 480 173
538000 462 170
539000 480 174
540000 478 182
541000 485 173
542000 507 169
543000 501 173
544000 467 174
545000 470 180
546000 462 175
547000 466 173
548000 465 171
549000 444 188
550000 483 170
551000 448 188
552000 480 173
553000 502 170
554000 472 173
555000 490 167
556000 464 175
557000 465 192
558000 496 183
559000 463 174
560000 488 173
561000 464 185
562000 487 181
563000 496 165
564000 457 192
565000 484 194
566000 494 169
567000 465 190
568000 492 167
569000 468 171
570000 456 174
571000 471 184
572000 481 185
573000 457 191
574000 490 179
575000 485 164
576000 480 167
577000 449 181
578000 485 171
579000 475 192
580000 471 181
581000 447 177
582000 484 165
583000 481 157
584000 468 193
585000 500 181
586000 466 187
587000 470 197
588000 472 176
589000 463 193
590000 484 166
591000 461 186
592000 454 187
593000 446 177
594000 459 182
595000 461 190
596000 468 200
597000 465 181
598000 476 190
599000 456 204
600000 480 179
601000 483 194
602000 537 178
603000 522 176
604000 508 186
605000 530 172
606000 514 176
607000 527 174
608000 504 186
609000 544 134
610000 527 179
611000 510 177
612000 510 179
613000 538 164
614000 518 161
615000 521 168
616000 490 199
617000 518 187
618000 505 172
619000 516 171
620000 506 187
621000 495 196
622000 539 160
623000 518 175
624000 511 185
625000 528 184
626000 509 189
627000 526 202
628000 480 194
629000 538 182
630000 524 186
631000 536 182
632000 515 181
633000 511 194
634000 496 178
635000 531 161
636000 502 200
637000 508 168
638000 497 189
639000 540 154
640000 516 169
641000 506 185
642000 525 182
643000 520 178
644000 534 183
645000 533 194
646000 527 172
647000 528 180
648000 516 172
649000 514 181
650000 536 168
651000 537 184
652000 505 187
653000 519 171
654000 541 173
655000 530 177
656000 496 180
657000 543 167
658000 518 178
659000 506 161
660000 521 193
661000 515 181
662000 520 180
663000 524 171
664000 522 208
665000 502 200
666000 532 186
667000 494 187
668000 510 182
669000 499 191
670000 523 183
671000 518 185
672000 510 188
673000 499 184
674000 508 211
675000 511 186
676000 497 190
677000 508 200
678000 476 194
679000 531 191
680000 496 203
681000 534 169
682000 515 182
683000 521 160
684000 540 182
685000 523 201
686000 528 180
687000 523 165
688000 518 177
689000 523 175
690000 525 186
691000 530 182
692000 526 173
693000 491 199
694000 512 178
695000 506 192
696000 535 168
697000 520 192
698000 567 151
699000 508 177
700000 548 162
701000 490 183
702000 523 198
703000 503 178
704000 512 183
705000 512 164
706000 514 188
707000 567 184
708000 544 166
709000 512 189
710000 535 181
711000 509 179
712000 517 193
713000 512 181
714000 504 203
715000 523 172
716000 525 180
717000 523 187
718000 510 193
719000 536 186
720000 508 185
721000 507 186
722000 534 173
723000 517 179
724000 515 191
725000 530 192
726000 521 191
727000 499 168
728000 509 205
729000 528 184
730000 510 178
731000 505 201
732000 546 182
733000 542 176
734000 551 160
735000 513 186
736000 506 180
737000 499 170
738000 510 199
739000 534 173
740000 523 172
741000 482 187
742000 510 174
743000 500 197
744000 494 198
745000 522 166
746000 500 197
747000 513 202
748000 509 201
749000 494 204
750000 475 190
751000 508 184
752000 518 191
753000 527 188
754000 510 171
755000 499 179
756000 510 176
757000 539 169
758000 484 206
759000 520 202
760000 516 188
761000 532 186
762000 513 157
763000 523 175
764000 515 183
765000 522 189
766000 506 192
767000 502 179
768000 533 180
769000 509 184
770000 525 180
771000 521 192
772000 507 164
773000 517 170
774000 558 164
775000 529 191
776000 512 178
777000 525 199
778000 483 177
779000 524 188
780000 518 188
781000 503 192
782000 534 169
783000 512 179
784000 531 196
785000 509 198
786000 518 163
787000 498 200
788000 542 162
789000 520 183
790000 541 172
791000 510 186
792000 497 188
793000 487 194
794000 523 182
795000 515 186
796000 540 174
797000 527 178
798000 508 200
799000 550 169
800000 509 179
801000 430 183
802000 423 190
803000 442 189
804000 459 186
805000 415 194
806000 438 216
807000 388 206
808000 408 215
809000 427 203
810000 445 172
811000 427 177
812000 412 195
813000 402 224
814000 445 182
815000 425 196
816000 417 203
817000 439 204
818000 452 186
819000 443 200
820000 427 194
821000 441 183
822000 435 201
823000 429 189
824000 437 184
825000 467 186
826000 434 170
827000 449 185
828000 447 172
829000 425 198
830000 407 211
831000 442 205
832000 443 197
833000 426 204
834000 438 205
835000 424 199
836000 446 183
837000 426 200
838000 448 204
839000 423 203
840000 416 193
841000 449 180
842000 446 201
843000 433 213
844000 430 190
845000 449 160
846000 413 206
847000 414 208
848000 428 186
849000 431 186
850000 440 197
851000 447 188
852000 449 172
853000 437 183
854000 426 201
855000 407 195
856000 412 199
857000 417 182
858000 462 176
859000 441 158
860000 442 204
861000 453 194
862000 422 186
863000 431 200
864000 409 207
865000 463 187
866000 423 190
867000 441 179
868000 424 186
869000 442 193
870000 432 196
871000 439 186
872000 433 172
873000 438 188
874000 427 187
875000 439 191
876000 453 187
877000 445 188
878000 438 180
879000 445 207
880000 431 192
881000 430 207
882000 445 170
883000 435 186
884000 439 193
885000 445 195
886000 469 183
887000 410 202
888000 453 190
889000 408 211
890000 439 230
891000 428 198
892000 447 203
893000 431 185
894000 442 194
895000 427 205
896000 435 204
897000 450 174
898000 426 202
899000 410 207
900000 433 206
901000 521 187
902000 517 188
903000 508 195
904000 547 176
905000 507 192
906000 504 196
907000 502 199
908000 533 192
909000 513 203
910000 528 190
911000 521 186
912000 503 221
913000 509 202
914000 520 202
915000 528 190
916000 502 199
917000 522 178
918000 494 208
919000 532 172
920000 508 179
921000 508 200
922000 534 183
923000 510 174
924000 492 189
925000 520 206
926000 516 189
927000 531 198
928000 530 186
929000 492 192
930000 497 205
931000 515 180
932000 512 187
933000 519 191
934000 495 189
935000 528 180
936000 528 202
937000 497 184
938000 532 190
939000 541 183
940000 496 208
941000 520 198
942000 530 186
943000 536 186
944000 511 191
945000 500 202
946000 510 189
947000 493 203
948000 522 174
949000 514 207
950000 512 167
951000 520 180
952000 522 179
953000 526 183
954000 512 181
955000 505 187
956000 511 213
957000 512 208
958000 499 194
959000 519 194
960000 534 181
961000 515 185
962000 519 174
963000 505 191
964000 517 189
965000 497 184
966000 533 169
967000 493 213
968000 534 189
969000 516 195
970000 527 190
971000 539 169
972000 523 191
973000 519 176
974000 530 193
975000 513 168
976000 528 191
977000 498 177
978000 512 199
979000 518 197
980000 507 211
981000 524 194
982000 496 205
983000 512 196
984000 519 214
985000 495 205
986000 501 204
987000 495 201
988000 498 192
989000 513 188
990000 516 192
991000 533 179
992000 495 180
993000 502 209
994000 517 190
995000 506 192
996000 538 183
997000 515 190
998000 528 174
999000 515 203
1000000 525 186
1000000 587 157
1001000 584 176
1002000 586 174
1003000 580 178
1004000 613 188
1005000 609 163
1006000 583 176
1007000 619 188
1008000 612 163
1009000 602 186
1010000 600 174
1011000 585 184
1012000 584 160
1013000 593 184
1014000 608 159
1015000 601 179
1016000 593 172
1017000 597 179
1018000 593 157
1019000 615 184
1020000 609 181
1021000 590 173
1022000 603 171
1023000 586 157
1024000 611 181
1025000 609 174
1026000 586 161
1027000 600 189
1028000 592 168
1029000 582 159
1030000 599 180
1031000 591 177
1032000 594 176
1033000 582 171
1034000 590 180
1035000 593 160
1036000 581 170
1037000 613 186
1038000 611 173
1039000 604 176
1040000 585 159
1041000 595 170
1042000 609 164
1043000 615 177
1044000 584 169
1045000 608 178
1046000 582 179
1047000 587 165
1048000 591 182
1049000 601 176
1050000 606 183
1051000 594 167
1052000 590 157
1053000 608 186
1054000 603 163
1055000 614 163
1056000 584 179
1057000 591 157
1058000 589 177
1059000 584 186
1060000 617 157
1061000 602 167
1062000 619 186
1063000 616 167
1064000 588 185
1065000 593 184
1066000 598 160
1067000 584 164
1068000 601 168
1069000 618 190
1070000 620 160
1071000 593 163
1072000 610 190
1073000 580 176
1074000 595 182
1075000 602 164
1076000 582 164
1077000 617 175
1078000 609 158
1079000 619 172
1080000 613 161
1081000 586 181
1082000 582 188
1083000 601 169
1084000 600 158
1085000 589 164
1086000 604 185
1087000 591 183
1088000 585 187
1089000 620 181
1090000 590 185
1091000 581 171
1092000 581 177
1093000 606 162
1094000 583 168
1095000 599 187
1096000 614 159
1097000 580 162
1098000 606 177
1099000 607 183
1100000 617 160
1101000 592 157
1102000 583 182
1103000 605 186
1104000 609 163
1105000 580 180
1106000 589 168
1107000 603 190
1108000 612 183
1109000 605 172
1110000 617 158
1111000 584 184
1112000 610 168
1113000 599 161
1114000 590 159
1115000 610 175
1116000 583 188
1117000 607 182
1118000 619 157
1119000 581 169
1120000 583 168
1121000 606 165
1122000 588 167
1123000 592 173
1124000 597 186
1125000 610 160
1126000 580 161
1127000 609 172
1128000 614 165
1129000 608 186
1130000 598 174
1131000 583 179
1132000 592 161
1133000 593 186
1134000 604 171
1135000 587 162
1136000 604 178
1137000 599 161
1138000 600 172
1139000 598 157
1140000 588 174
1141000 607 168
1142000 619 184
1143000 599 168
1144000 608 167
1145000 581 162
1146000 608 166
1147000 582 182
1148000 593 158
1149000 592 187
1150000 605 162
1151000 595 162
1152000 589 173
1153000 611 166
1154000 586 189
1155000 583 173
1156000 597 167
1157000 583 182
1158000 620 177
1159000 600 174
1160000 608 167
1161000 617 173
1162000 593 166
1163000 608 162
1164000 587 171
1165000 583 188
1166000 605 189
1167000 610 169
1168000 614 161
1169000 590 159
1170000 597 168
1171000 585 170
1172000 583 175
1173000 603 160
1174000 600 161
1175000 587 186
1176000 613 186
1177000 581 166
1178000 607 165
1179000 617 161
1180000 600 177
1181000 584 179
1182000 607 174
1183000 592 188
1184000 610 176
1185000 611 171
1186000 591 159
1187000 594 169
1188000 617 163
1189000 608 182
1190000 596 169
1191000 600 159
1192000 618 158
1193000 599 190
1194000 596 175
1195000 598 185
1196000 606 180
1197000 582 170
1198000 595 182
1199000 586 157
